# example - reduced_luscher_zeta00(0 to 10)
# q2 sumterm integralterm answer

#0 inf -0.67785629277179627238 inf
0.010000000000000000208 -28.20947917738781376 -2.4676346706133393369 -30.677113848001153097
0.020000000000000000416 -14.10473958869390688 -2.4202974611224880585 -16.525037049816394939
0.030000000000000000625 -9.4031597257959379201 -2.3724658138639818224 -11.775625539659919742
0.040000000000000000833 -7.05236979434695344 -2.3241273214447303582 -9.3764971157916837982
0.050000000000000001041 -5.641895835477562752 -2.2752691297996707478 -7.9171649652772334998
0.060000000000000001249 -4.70157986289796896 -2.2258779184911548827 -6.9274577813891238428
0.070000000000000001457 -4.02992559676968768 -2.1759398800261268183 -6.2058654767958144984
0.080000000000000001665 -3.52618489717347672 -2.1254406981382375878 -5.6516255953117143078
0.090000000000000001874 -3.13438657526531264 -2.0743655249790592451 -5.2087521002443718852
0.10000000000000000208 -2.820947917738781376 -2.0226989571593999924 -4.8436468748981813684
0.11000000000000000229 -2.5644981070352557964 -1.9704250105783778354 -4.5349231176136336318
0.1200000000000000025 -2.35078993144898448 -1.9175270939743703095 -4.2683170254233547895
0.13000000000000000271 -2.16995993672213952 -1.8639879811282107554 -4.0339479178503502755
0.14000000000000000291 -2.01496279838484384 -1.8097897816450350338 -3.8247525800298788738
0.15000000000000000312 -1.880631945159187584 -1.7549139102369833332 -3.6355458553961709172
0.16000000000000000333 -1.76309244858673836 -1.6993410544245159277 -3.4624335030112542877
0.17000000000000000354 -1.6593811280816361035 -1.6430511405693946264 -3.30243226865103073
0.18000000000000000375 -1.56719328763265632 -1.5860232981473975756 -3.1532165857800538956
0.19000000000000000396 -1.4847094303888323032 -1.5282358221635574197 -3.0129452525523897228
0.20000000000000000416 -1.410473958869390688 -1.4696661336071239984 -2.8801400924765146864
0.21000000000000000437 -1.34330853225656256 -1.4102907378375340659 -2.7535992700940966259
0.22000000000000000458 -1.2822490535176278982 -1.3500851807864021604 -2.6323342343040300586
0.23000000000000000479 -1.2264990946690353809 -1.2890240028539077036 -2.5155230975229430844
0.240000000000000005 -1.17539496572449224 -1.2270806903709213776 -2.4024756560954136176
0.2500000000000000052 -1.1283791670955125504 -1.1642276244907651561 -2.2926067915862777065
0.26000000000000000541 -1.08497996836106976 -1.1004360273666099662 -2.1854159957276797262
0.27000000000000000562 -1.0447955250884375467 -1.0356759054621562025 -2.0804714305505937492
0.28000000000000000583 -1.00748139919242192 -0.96991598983438697029 -1.9773973890268088903
0.29000000000000000604 -0.97274066128923495725 -0.90312367321780201895 -1.8758643345070369762
0.30000000000000000625 -0.94031597257959379201 -0.83526494372960006914 -1.7755809163091938611
0.31000000000000000645 -0.90998319927057463743 -0.76630431500474488185 -1.6762875142753195193
0.32000000000000000666 -0.88154622429336918001 -0.69620475255869019077 -1.5777509768520593708
0.33000000000000000687 -0.85483270234508526546 -0.62492759616371253177 -1.4797602985087977972
0.34000000000000000708 -0.82969056404081805177 -0.55243247801226876324 -1.382123042053086815
0.35000000000000000729 -0.80598511935393753601 -0.47867723642751391469 -1.2846623557814514507
0.36000000000000000749 -0.78359664381632816 -0.40361782486703955421 -1.1872144686833677142
0.3700000000000000077 -0.76241835614561658811 -0.3272082159509749771 -1.0896265720965915652
0.38000000000000000791 -0.74235471519441615158 -0.24940030022978209116 -0.99175501542419824274
0.39000000000000000812 -0.72331997890737984 -0.17014377939031568347 -0.89346375829769552348
0.40000000000000000833 -0.705236979434695344 -0.089386053580956254299 -0.7946230330156515983
0.41000000000000000853 -0.68803607749726375025 -0.0070721025177917244898 -0.69510818001505547474
0.42000000000000000874 -0.67165426612828128 0.076855639986137748658 -0.59479862614214353135
0.43000000000000000895 -0.65603439947413520373 0.16245741844767966305 -0.49357698102645554067
0.44000000000000000916 -0.64112452675881394909 0.24979629549807662089 -0.3913282312607373282
0.45000000000000000937 -0.626877315053062528 0.33893829945050968596 -0.28793901560255284205
0.46000000000000000958 -0.61324954733451769044 0.42995258010126420501 -0.18329696723325348543
0.47000000000000000978 -0.6002016846252726332 0.52291157324184284516 -0.077290111383429788039
0.48000000000000000999 -0.58769748286224612 0.61789117438770143202 0.030193691525455312016
0.4900000000000000102 -0.57570365668138395429 0.71497092225934498036 0.13926726557796102608
0.50000000000000001041 -0.5641895835477562752 0.81423419258339847011 0.2500446090356421949
0.51000000000000001062 -0.55312704269387870118 0.91576840281507023071 0.36264136012119152953
0.52000000000000001082 -0.54248998418053488 1.0196652284192728647 0.47717524423873798466
0.53000000000000001103 -0.5322543241016568634 1.1260208313856823064 0.59376650728402544298
0.54000000000000001124 -0.52239776254421877334 1.2349361016933323986 0.71253833914911362523
0.55000000000000001145 -0.51289962140705115928 1.3465169124831009503 0.83361729107604979106
0.56000000000000001166 -0.50374069959621096 1.4608743897417929574 0.95713369014558199736
0.57000000000000001187 -0.49490314346294410106 1.5781251973496260461 1.0832220538866819451
0.58000000000000001207 -0.48637033064461747862 1.6983918383939405488 1.2120215077493230702
0.59000000000000001228 -0.47812676571843752136 1.8218029737060705875 1.3436762079876330662
0.60000000000000001249 -0.470157986289796896 1.948493758635712825 1.478335772345915929
0.6100000000000000127 -0.46245047831783301246 2.0786061991380174854 1.6161557208201844729
0.62000000000000001291 -0.45499159963528731871 2.2122895283132156607 1.757297928677928342
0.63000000000000001311 -0.44776951075218752 2.3497006046071147476 1.9019310938549272276
0.64000000000000001332 -0.44077311214668459 2.4910043329534810987 2.0502312208067965087
0.65000000000000001353 -0.433991987344427904 2.6363741102164414435 2.2023821228720135395
0.66000000000000001374 -0.42741635117254263273 2.7859922963728439884 2.3585759452003013557
0.67000000000000001395 -0.42103700264757930985 2.9400507129613147295 2.5190137103137354196
0.68000000000000001416 -0.41484528202040902588 3.0987511704168306293 2.6839058883964216034
0.69000000000000001436 -0.40883303155634512696 3.2623060260073340423 2.8534729944509889153
0.70000000000000001457 -0.402992559676968768 3.4309387741925773331 3.0279462145156085651
0.71000000000000001478 -0.39731660813222272902 3.6048846713353795664 3.2075680632031568374
0.72000000000000001499 -0.39179832190816408 3.7843913968121876562 3.3925930749040235762
0.7300000000000000152 -0.38643122160805224329 3.9697197526936757089 3.5832885310856234656
0.7400000000000000154 -0.38120917807280829406 4.1611444042975272957 3.7799352262247190016
0.75000000000000001561 -0.3761263890318375168 4.3589546640549920041 3.9828282750231544873
0.76000000000000001582 -0.37117735759720807579 4.5634553212807846295 4.1922779636835765537
0.77000000000000001603 -0.36635687243360797091 4.7749675205929281751 4.4086106481593202042
0.78000000000000001624 -0.36165998945368992 4.9938296918957883463 4.6321697024420984263
0.79000000000000001645 -0.35708201490364321215 5.2203985350163999034 4.8633165201127566912
0.80000000000000001665 -0.352618489717347672 5.4550500622718732106 5.1024315725545255386
0.81000000000000001686 -0.34826517502947918222 5.6981807024448606735 5.3499155274153814913
0.82000000000000001707 -0.34401803874863187512 5.9502084698554669658 5.6061904311068350907
0.83000000000000001728 -0.33987324310105799711 6.2115742024423574299 5.8717009593412994328
0.84000000000000001749 -0.33582713306414064 6.4827428730039559033 6.1469157399398152633
0.85000000000000001769 -0.33187622561632722071 6.7642049780033761495 6.4323287523870489288
0.8600000000000000179 -0.32801719973706760186 7.0564780086090024344 6.7284608088719348325
0.87000000000000001811 -0.32424688709641165242 7.3601080089273828587 7.0358611218309712063
0.88000000000000001832 -0.32056226337940697455 7.6756712266873415769 7.3551089633079346024
0.89000000000000001853 -0.31696044019536869393 8.0037758619550338064 7.6868154217596651125
0.90000000000000001874 -0.313438657526531264 8.3450639198002084573 8.0316252622736771933
0.91000000000000001894 -0.30999427667459136 8.7002131731954263521 8.3902188965208349921
0.92000000000000001915 -0.30662477366725884522 9.0699392428137020956 8.7633144691464432503
0.93000000000000001936 -0.30332773309019154581 9.4549978007973697629 9.1516700677071782171
0.94000000000000001957 -0.3001008423126363166 9.8561869060033771199 9.5560860636907408033
0.95000000000000001978 -0.29694188607776646063 10.274349478689241149 9.977407592611474688
0.96000000000000001998 -0.29384874143112306 10.710375923091196611 10.416527181660073551
0.97000000000000002019 -0.2908193729627609666 11.16520690686338891 10.874387533900627944
0.9800000000000000204 -0.28785182834069197714 11.639836306896160965 11.351984478555468988
0.99000000000000002061 -0.28494423411502842182 12.135314331614534933 11.850370097499506512
1.0000000000000000208 -0.2820947917738781376 -0.059616694492022569812 -0.34171148626590070741
1.010000000000000021 -0.2793017740335427105 0.00348837953540584996 -0.27581339449813686054
1.0200000000000000212 -0.27656352134693935059 0.067401538301132760461 -0.20916198304580659013
1.0300000000000000214 -0.27387843861541566757 0.13214471983652124664 -0.14173371877889442094
1.0400000000000000216 -0.27124499209026744 0.19774067928609628517 -0.073504312804171154829
1.0500000000000000219 -0.268661706451312512 0.26421302548140105681 -0.0044486809699114551885
1.0600000000000000221 -0.2661271620508284317 0.33158625934989288517 0.065459097299064453468
1.0700000000000000223 -0.26363999231203564262 0.39988581425788939808 0.13624582194585375547
1.0800000000000000225 -0.26119888127210938667 0.46913809839217530124 0.20793921712006591457
1.0900000000000000227 -0.25880256126043865835 0.53937053929080666113 0.28056797803036800278
1.1000000000000000229 -0.25644981070352557964 0.61061163063992228145 0.35416181993639670181
1.1100000000000000231 -0.2541394520485388627 0.68289098146001126423 0.42875152941147240153
1.1200000000000000233 -0.25187034979810548 0.756239367812114065 0.504369018014008585
1.1300000000000000235 -0.24964140864944967929 0.83068878716187449389 0.58104737851242481459
1.1400000000000000237 -0.24745157173147205053 0.9062725155472368018 0.65882094381576475128
1.1500000000000000239 -0.24529981893380707618 0.98302516770392133377 0.7377253487701142576
1.1600000000000000241 -0.24318516532230873931 1.0609827603116419237 0.81779759498933318438
1.1700000000000000244 -0.24110665963579328 1.1401827785333776196 0.89907611889758433964
1.1800000000000000246 -0.23906338285921876068 1.2206642460299116211 0.98160086317069286042
1.1900000000000000248 -0.23705444686880515765 1.3024677986423345259 1.0654133517735293682
1.200000000000000025 -0.235078993144898448 1.3856357619463121781 1.1505567688014137301
1.2100000000000000252 -0.23313619154865961785 1.4702122328936777642 1.2370760413450181463
1.2200000000000000254 -0.23122523915891650623 1.5562431657693627616 1.3250179266104462553
1.2300000000000000256 -0.22934535916575458342 1.6437764627048737548 1.4144311035391191714
1.2400000000000000258 -0.22749579981764365936 1.7328620690034963766 1.5053662691858527172
1.250000000000000026 -0.22567583341910251008 1.8235520735472108057 1.5978762401281082957
1.2600000000000000262 -0.22388475537609376 1.9159008145709853185 1.6920160591948915585
1.2700000000000000264 -0.22212188328651821858 2.0099649911067283432 1.7878431078202101246
1.2800000000000000266 -0.220386556073342295 2.1058037804167815582 1.8854172243434392632
1.2900000000000000269 -0.21867813315804506791 2.20347896175548645 1.9848008285974413821
1.3000000000000000271 -0.216995993672213952 2.3030550468171177339 2.0860590531449037819
1.3100000000000000273 -0.21533953570525048672 2.4045994172494162901 2.1892598815441658034
1.3200000000000000275 -0.21370817558627131636 2.5081824696341430685 2.2944742940478717521
1.3300000000000000277 -0.21210134719840461474 2.6138777683595893804 2.4017764211611847657
1.3400000000000000279 -0.21051850132378965493 2.7217622068348983865 2.5112437055111087316
1.3500000000000000281 -0.20895910501768750933 2.8319161775224625488 2.6229570725047750395
1.3600000000000000283 -0.20742264101020451294 2.9444237512926527181 2.7370011102824482051
1.3700000000000000285 -0.20590860713421761869 3.0593728666348022586 2.8534642595005846399
1.3800000000000000287 -0.20441651577817256348 3.1768555292898159395 2.972439013511643376
1.3900000000000000289 -0.20294589336250225727 3.2969680229031062385 3.0940221295406039812
1.4000000000000000291 -0.201496279838484384 3.4198111313318938181 3.2183148514934094341
1.4100000000000000294 -0.20006722820842421107 3.5454903732783658834 3.3454231450699416723
1.4200000000000000296 -0.19865830406611136451 3.6741162499598949982 3.4754579458937836337
1.4300000000000000298 -0.19726908515655813818 3.8058045065696187353 3.6085354214130605971
1.44000000000000003 -0.19589916095408204 3.9406764083253126727 3.7447772473712306327
1.4500000000000000302 -0.19454813225784699145 4.0788590319518100522 3.8843108996939630608
1.4600000000000000304 -0.19321561080402612165 4.2204855734923947069 4.0272699626883685853
1.4700000000000000306 -0.19190121889379465143 4.3656956733977934925 4.173794454503998841
1.4800000000000000308 -0.19060458903640414703 4.5146357598978049806 4.3240311708614008335
1.490000000000000031 -0.18932536360662962255 4.6674594117204184728 4.4781340481137888502
1.5000000000000000312 -0.1880631945159187584 4.8243277412867093919 4.6362645467707906335
1.5100000000000000314 -0.18681774289660803815 4.9854097995770645218 4.7985920566804564837
1.5200000000000000316 -0.1855886787986040379 5.1508830039356276733 4.9652943251370236354
1.5300000000000000318 -0.18437568089795956706 5.3209335901555118519 5.1365579092575522848
1.5400000000000000321 -0.18317843621680398546 5.4957570902675618964 5.312578654050757911
1.5500000000000000323 -0.18199663985411492749 5.6755588375405520957 5.4935621976864371682
1.5600000000000000325 -0.18082999472684496 5.8605545002909639798 5.6797245055641190198
1.5700000000000000327 -0.17967821132094148892 6.0509706461962261649 5.871292434875284676
1.5800000000000000329 -0.17854100745182160608 6.2470453389068460856 6.0685043314550244795
1.5900000000000000331 -0.17741810803388562113 6.4490287688605786346 6.2716106608266930135
1.6000000000000000333 -0.176309244858673836 6.6571839203160370465 6.4808746754573632105
1.6100000000000000335 -0.1752141563812907687 6.871787276744357989 6.6965731203630672203
1.6200000000000000337 -0.17413258751473959111 7.093129566846111723 6.9189969793313721319
1.6300000000000000339 -0.17306428943182707828 7.321516553597051549 7.1484522641652244707
1.6400000000000000341 -0.17200901937431593756 7.5572698688710047183 7.3852608494966887807
1.6500000000000000343 -0.17096654046901705309 7.8007278963417292776 7.6297613558727122245
1.6600000000000000346 -0.16993662155052899856 8.0522467055284391776 7.8823100839779101791
1.6700000000000000348 -0.16891903699034619018 8.3122010400225080404 8.1432820030321618502
1.680000000000000035 -0.16791356653207032 8.5809853631162103803 8.4130717965841400603
1.6900000000000000352 -0.16691999513247227077 8.8590149642488956479 8.6920949691164233772
1.7000000000000000354 -0.16593811280816361035 9.1467271298924030632 8.9807890170842394528
1.7100000000000000356 -0.16496771448764803369 9.4445823827165442043 9.2796146682288961706
1.7200000000000000358 -0.16400859986853380093 9.7530657931078812522 9.5890571932393474513
1.730000000000000036 -0.16306057327969834543 10.072688367361635132 9.9096277940819367869
1.7400000000000000362 -0.16212344354820582621 10.403988517128243963 10.241865073580038137
1.7500000000000000364 -0.1611970238707875072 10.747533614973786721 10.586336591102999214
1.7600000000000000366 -0.16028113168970348727 11.103921641208175812 10.943640509518472325
1.7700000000000000368 -0.15937558857281250712 11.473782927447752281 11.314407338874939774
1.7800000000000000371 -0.15848022009768434697 11.857782002710800479 11.699301782613116132
1.7900000000000000373 -0.15759485573959672492 12.25661954819671572 12.099024692457118995
1.8000000000000000375 -0.156719328763265632 12.671034467273362579 12.514315138510096947
1.8100000000000000377 -0.15585347611816471691 13.101806077593884304 12.945952601475719587
1.8200000000000000379 -0.15499713833729568 13.549756432685279258 13.394759294347983578
1.8300000000000000381 -0.15415015943927767082 14.015752780797949743 13.861602621358672073
1.8400000000000000383 -0.15331238683362942261 14.500710169279746552 14.347397782446117129
1.8500000000000000385 -0.15248367122912331762 15.005594203241472398 14.853110532012349081
1.8600000000000000387 -0.1516638665450957729 15.531423967815167345 15.379760101270071572
1.8700000000000000389 -0.15085282982560328214 16.079275123873689228 15.928422294048085946
1.8800000000000000391 -0.1500504211563181583 16.650283187682150116 16.500232766525831958
1.8900000000000000393 -0.14925650358406250667 17.245647005590830121 17.096390502006767614
1.9000000000000000396 -0.14847094303888323032 17.866632435557549918 17.718161492518666687
1.9100000000000000398 -0.14769360825857494115 18.514576248007572937 18.366882639748997996
1.92000000000000004 -0.14692437071556153 19.190890259303507507 19.043965888587945977
1.9300000000000000402 -0.1461631045460508485 19.897065711909128969 19.75090260736307812
1.9400000000000000404 -0.1454096864813804833 20.634677916192452454 20.489268229711071971
1.9500000000000000406 -0.144663995781475968 21.40539116972785006 21.260727173946374092
1.9600000000000000408 -0.14392591417034598857 22.210963970927804809 22.06703805675745882
1.970000000000000041 -0.14319532577354220183 23.053254544865515324 22.910059219091973122
1.9800000000000000412 -0.14247211705751421091 23.93422670024371336 23.791754583186199149
1.9900000000000000414 -0.14175617677079303397 24.855956037626665105 24.714199860855872071
2.0000000000000000416 -1.8336161465302078592 0.3959014803475481131 -1.4377146661826597461
2.0100000000000000418 -1.8161563117504493317 0.45092665528411985293 -1.3652296564663294788
2.020000000000000042 -1.7990320150984074249 0.5065478651937142632 -1.2924841499046931617
2.0300000000000000423 -1.7822335833052418233 0.56278028417119489299 -1.2194532991340469303
2.0400000000000000425 -1.7657517132150742827 0.61963963871541907721 -1.1461120744996552055
2.0500000000000000427 -1.7495774542073277901 0.67714223225259650484 -1.0724352219547312853
2.0600000000000000429 -1.7337021916126783926 0.7353049708862597547 -0.99839722072641863792
2.0700000000000000431 -1.7181176310576622006 0.79414539043994578086 -0.92397224061771641973
2.0800000000000000433 -1.7028157836777900098 0.85368168486242363167 -0.84913409881536637814
2.0900000000000000435 -1.6877889521434348571 0.91393273606925792084 -0.77385621607417693626
2.1000000000000000437 -1.6730297174468097047 0.9749181452986827165 -0.69811157214812698821
2.1100000000000000439 -1.6585309264020758669 1.0366582660641903433 -0.6218726603378855236
2.1200000000000000441 -1.6442856798140470678 1.0991742387909287007 -0.54511144102311836709
2.1300000000000000443 -1.6302873212741056245 1.1624880272279645726 -0.46779929404614105192
2.1400000000000000445 -1.6165294265448500974 1.2266224567337254554 -0.38990696981112464198
2.1500000000000000448 -1.6030057934976694712 1.2916012545374960828 -0.31140453896017338835
2.160000000000000045 -1.589710432569907103 1.3574490920857365413 -0.23226134048417056171
2.1700000000000000452 -1.576637557710556031 1.424191629588226243 -0.15244592812232978807
2.1800000000000000454 -1.5637815777855318679 1.4918555628856428287 -0.071926014899889039214
2.1900000000000000456 -1.5511370884155150021 1.560468672767179356 0.0093315843516643538791
2.2000000000000000458 -1.5386988642211534534 1.630059876874210256 0.091361012653056802608
2.210000000000000046 -1.5264618514520835372 1.7006592843338613282 0.17419743288177779105
2.2200000000000000462 -1.5144211609777684451 1.7722982532746477768 0.25787709229687933174
2.2300000000000000464 -1.502572061619584938 1.8450094513851448915 0.34243738976555995353
2.2400000000000000466 -1.4909099738049146732 1.9188269196859780414 0.42791694588106336814
2.2500000000000000468 -1.4794304635252275435 1.9937861396952935814 0.51435567617006603781
2.260000000000000047 -1.4681292365812873775 2.0699241041783333998 0.60179486759704602235
2.2700000000000000473 -1.4570021330996723459 2.1472793916828184942 0.69027725858314614835
2.2800000000000000475 -1.4460451223057897738 2.2258922450735886707 0.7798471227677988969
2.2900000000000000477 -1.4352542975394835468 2.3058046542923859998 0.87055035675290245296
2.3000000000000000479 -1.4246258715001872292 2.387060443581851253 0.96243457208166402379
2.3100000000000000481 -1.4141561717093722234 2.4697053634267699825 1.0555491917173977591
2.3200000000000000483 -1.4038416361787822476 2.553787187480405724 1.1499455513016234764
2.3300000000000000485 -1.3936788092736371696 2.6393558147594424365 1.2456770054858052669
2.3400000000000000487 -1.3836643377606345499 2.7264633774076802531 1.3427990396470457032
2.3500000000000000489 -1.3737949670311795633 2.8151643543462447023 1.441369387315065139
2.3600000000000000491 -1.3640675374908364389 2.9055156911467400243 1.5414481536559035854
2.3700000000000000493 -1.3544789811065200974 2.9975769264835660061 1.6430979453770459087
2.3800000000000000495 -1.3450263181034379412 3.0914103255425927552 1.746384007439154814
2.3900000000000000498 -1.3357066538042512398 3.1870810207856210424 1.8513743669813698026
2.40000000000000005 -1.32651717560335551 3.2846571604936237069 1.9581399848902681968
2.4100000000000000502 -1.3174551500695818203 3.384210065536747234 2.0667549154671654137
2.4200000000000000504 -1.3085179201709979785 3.4858143948455380947 2.1772964746745401162
2.4300000000000000506 -1.2997029026158418726 3.5895483200859371171 2.2898454174700952445
2.4400000000000000508 -1.2910075853039504761 3.6954937100703540359 2.4044861247664035598
2.450000000000000051 -1.2824295248833587228 3.8037363254686963473 2.5213068005853376245
2.4600000000000000512 -1.273966344407034005 3.9143660244166909205 2.6403996800096569155
2.4700000000000000514 -1.2656157310849857617 4.0274769796543194357 2.7618612485693336739
2.4800000000000000516 -1.2573754341272466958 4.1431679078648126953 2.8857924737375659995
2.4900000000000000518 -1.2492432626734637185 4.261542311924544825 3.0122990492510811066
2.500000000000000052 -1.2412170838050637898 4.3827087368164749925 3.1414916530114112027
2.5100000000000000522 -1.2332948206361733679 4.5067810400046487241 3.2734862193684753562
2.5200000000000000525 -1.2254744504796710921 4.6338786771148494115 3.4084042266351783193
2.5300000000000000527 -1.2177540030849424219 4.764127003816949033 3.5463730007320066111
2.5400000000000000529 -1.2101315589440830072 4.8976575948580215067 3.6875260359139384996
2.5500000000000000531 -1.2026052476634652905 5.0346085812520393496 3.8320033335885740591
2.5600000000000000533 -1.195173246397740893 5.1751250066921728193 3.9799517602944319263
2.5700000000000000535 -1.1878337783435003346 5.319359204315561092 4.1315254259720607574
2.5800000000000000537 -1.1805851112899521563 5.4674711950181508632 4.2868860837281987069
2.5900000000000000539 -1.1734255562241160826 5.6196291085890364236 4.446203552364920341
2.6000000000000000541 -1.1663534659881499782 5.7760096290099387577 4.6096561630217887795
2.6100000000000000543 -1.1593672339865484827 5.9367984653462970786 4.7774312313597485959
2.6200000000000000545 -1.1524652929410627766 6.1021908497421984848 4.9497255568011357082
2.6300000000000000547 -1.1456461136912963491 6.2723920641223416685 5.1267459504310453195
2.640000000000000055 -1.1389082040390312705 6.4476179973007389839 5.3087097932617077135
2.6500000000000000552 -1.1322501076344336783 6.6280957342982476235 5.4958456266638139452
2.6600000000000000554 -1.1256704029023762859 6.8140641797796460762 5.6883937768772697903
2.6700000000000000556 -1.1191677020072000264 7.005774717636219635 5.8866070156290196086
2.6800000000000000558 -1.112740649854316735 7.2034919088620953668 6.0907512590077786318
2.690000000000000056 -1.1063879231271303177 7.407494230002304645 6.3011063068751743273
2.7000000000000000562 -1.1001082293578254046 7.6180748545882087826 6.517966625230383378
2.7100000000000000564 -1.0939003060306402704 7.8355424801219875241 6.7416421740913472537
2.7200000000000000566 -1.0877629197163050501 8.0602222033268783339 6.9724592836105732837
2.7300000000000000568 -1.0816948652363871808 8.2924564465443156722 7.2107615813079284914
2.740000000000000057 -1.075694964856343755 8.532605938333636886 7.456910973477293131
2.7500000000000000572 -1.0697620675061352636 8.7810507515152141237 7.7112886840090788602
2.7600000000000000575 -1.063895048027307194 9.0381914020943972881 7.9742963540670900941
2.7700000000000000577 -1.0580928064454952978 9.3044500127122096296 8.2463572062667143319
2.7800000000000000579 -1.0523542672673571993 9.5802715444900665425 8.5279172772227093432
2.7900000000000000581 -1.0466783788009775204 9.8661251013706767296 8.8194467225696992092
2.8000000000000000583 -1.0410641124988359731 10.16250531130656918 9.1214411988077332069
2.8100000000000000585 -1.035510462322468055 10.469933788912257169 9.4344233265897891139
2.8200000000000000587 -1.0300164441279861749 10.788960684476844541 9.7589442403488583663
2.8300000000000000589 -1.0245810950716653563 11.120166324531901104 10.095585229460235748
2.8400000000000000591 -1.0192034730348322075 11.464162949485746292 10.444959476450914084
2.8500000000000000593 -1.0138826560673287157 11.821596554171012539 10.807713898103683823
2.8600000000000000595 -1.0086177418488536963 12.193148837508711196 11.1845310956598575
2.8700000000000000597 -1.0034078471675145042 12.579539267870267824 11.57613142070275332
2.88000000000000006 -0.99825210741494995982 12.981527271120482825 11.983275163705532865
2.8900000000000000602 -0.993149676097412448 13.399914548750544028 12.406764872653131581
2.9000000000000000604 -0.98809972436222286787 13.835547533962595429 12.847447809600372561
2.9100000000000000606 -0.98310144053903662613 14.289319994047571031 13.306218553508534404
2.9200000000000000608 -0.97815402969538223127 14.762175787907755281 13.78402175821237305
2.930000000000000061 -0.97325671320595632303 15.255111788116659358 14.281855074910703035
2.9400000000000000612 -0.96840872833518021615 15.769180977483246528 14.800772249148066312
2.9500000000000000614 -0.96360932783254330301 16.305495730697361339 15.341886402864818036
2.9600000000000000616 -0.95885777954027799578 16.865231292280605887 15.906373512740327891
2.9700000000000000618 -0.9541533660129293425 17.449629462754187286 16.495476096741257944
2.980000000000000062 -0.94949538414840006775 18.060002505664903519 17.110507121516503451
2.9900000000000000622 -0.94488314483006860884 18.697737288885063252 17.752854144054994643
3.0000000000000000625 -4.3254534738661312935 2.4144763077991828705 -1.9109771660669484229
3.0100000000000000627 -4.2874144936225474565 2.4747986085110437179 -1.8126158851115037386
3.0200000000000000629 -4.2500764497122042135 2.535718438870341238 -1.7143580108418629756
3.0300000000000000631 -4.2134195644059892125 2.5972493817002066707 -1.6161701827057825419
3.0400000000000000633 -4.177424808523329212 2.659405478555080483 -1.518019329968248729
3.0500000000000000635 -4.1420738660760331106 2.7222012492473039395 -1.4198726168287291711
3.0600000000000000637 -4.1073491009051678329 2.7856517123286683726 -1.3216973885764994603
3.0700000000000000639 -4.0732335251808566411 2.8497724065777612689 -1.2234611186030953722
3.0800000000000000641 -4.0397107696445168238 2.9145794135468026168 -1.125131356097714207
3.0900000000000000643 -4.0067650554818866159 2.9800893812246851292 -1.0266756742572014868
3.1000000000000000645 -3.9743811677233018309 3.0463195488761278055 -0.9280616188471740254
3.1100000000000000647 -3.9425444300751360947 3.1132877731202342992 -0.82925665695490179546
3.1200000000000000649 -3.9112406810931734149 3.1810125553153267648 -0.73022812577784665013
3.1300000000000000652 -3.8804562516149910561 3.2495130703207140525 -0.63094318129427700366
3.1400000000000000654 -3.8501779433742421625 3.3188091967100627324 -0.53136874666417943011
3.1500000000000000656 -3.8203930087250845484 3.3889215485152836978 -0.43147146020980085062
3.1600000000000000658 -3.7910891314099437225 3.4598715085843400218 -0.33121762282560370066
3.170000000000000066 -3.7622544083083600142 3.5316812636411381927 -0.23057314466722182147
3.1800000000000000662 -3.7338773321088838051 3.6043738411407005868 -0.12950349096818321832
3.1900000000000000664 -3.7059467748498785403 3.6779731480181487839 -0.027973626831729756478
3.2000000000000000666 -3.6784519722786949278 3.7525040114356728091 0.074052039156977881353
3.2100000000000000668 -3.6513825089820156497 3.8279922216376394178 0.17660971265562376816
3.220000000000000067 -3.6247283042432599454 3.9044645770303230673 0.27973627278706312192
3.2300000000000000672 -3.5984795985858015658 3.9819489316094474164 0.38346933302364585056
3.2400000000000000674 -3.5726269409634100492 4.0604742448658254964 0.48784730390241544727
3.2500000000000000677 -3.5471611765617906382 4.1400706343069069342 0.59290945774511629598
3.2600000000000000679 -3.5220734351773876014 4.2207694307400060288 0.69869599556261842744
3.2700000000000000681 -3.4973551201417430855 4.3026032364714219048 0.80524811632967881931
3.2800000000000000683 -3.4729978977616815676 4.3856059865845998049 0.91260808882291823731
3.2900000000000000685 -3.4489936872474300628 4.4698130134699510192 1.0208193262225209564
3.3000000000000000687 -3.425334651102497089 4.5552611147889799792 1.1299264636864828902
3.3100000000000000689 -3.4020131859507286839 4.6419886250659946217 1.2399754391152659378
3.3200000000000000691 -3.3790219137774464262 4.7300354911119362899 1.3510135773344898638
3.3300000000000000693 -3.356353673562958585 4.8194433514967963975 1.4630896779338378126
3.3400000000000000695 -3.3340015132880287093 4.9102556202997294093 1.5762541070117007
3.3500000000000000697 -3.3119586822920930501 5.0025175753793684186 1.6905588930872753685
3.3600000000000000699 -3.2902186239661455148 5.0962764514210463949 1.8060578274549008801
3.3700000000000000702 -3.2687749687632621997 5.1915815380326714986 1.9228065692694092989
3.3800000000000000704 -3.2476215275107222899 5.2884842831769501273 2.0408627556662278374
3.3900000000000000706 -3.2267522850086031881 5.3870384022445511496 2.1602861172359479615
3.4000000000000000708 -3.2061613939005896792 5.4872999930907169931 2.2811385991901273139
3.410000000000000071 -3.1858431688035439435 5.5893276573768133461 2.4034844885732694026
3.4200000000000000712 -3.1657920806831391686 5.6931826285784344236 2.527390547895295255
3.4300000000000000714 -3.1460027514635679412 5.7989289070430142456 2.6529261555794463044
3.4400000000000000716 -3.1264699488600008253 5.906633402502509643 2.7801634536425088177
3.4500000000000000718 -3.107188581423093595 6.0163660844706956978 2.9091775030476021028
3.460000000000000072 -3.0881536937854263108 6.1282001409800317847 3.0400464471946054739
3.4700000000000000722 -3.0693604621003064032 6.2422121461400041272 3.172851684039697724
3.4800000000000000724 -3.0508041896638835854 6.3584822370274220253 3.3076780473635384398
3.4900000000000000727 -3.0324803027120089709 6.4770943004494385781 3.4446139977374296072
3.5000000000000000729 -3.0143843463837263164 6.5981361701521878344 3.583751823768461518
3.5100000000000000731 -2.9965119808437117436 6.7216998350819903003 3.7251878542382785568
3.5200000000000000733 -2.9788589775563814118 6.8478816593421959419 3.8690226817858145301
3.5300000000000000735 -2.9614212157047660622 6.9767826145270338142 4.015361398822267752
3.5400000000000000737 -2.9441946787476086699 7.108508525154453538 4.1643138464068448681
3.5500000000000000739 -2.927175451108478053 7.2431703279630175375 4.3159948768545394846
3.5600000000000000741 -2.9103597149910085152 7.3808843458835844622 4.470524630892575947
3.5700000000000000743 -2.8937437473146746828 7.5217725775449729971 4.6280288302302983143
3.5800000000000000745 -2.8773239167657927774 7.665963003224180612 4.7886390864583878347
3.5900000000000000747 -2.8610966809587057162 7.813589908206233391 4.9524932272475276748
3.6000000000000000749 -2.8450585837023606438 7.9647942245765517213 5.1197356408741910776
3.6100000000000000751 -2.8292062523677246961 8.1197238925300348094 5.2905176401623101132
3.6200000000000000754 -2.8135363953517088531 8.2785342423461097604 5.4649978469944009073
3.6300000000000000756 -2.798045799633481443 8.4413883982479865746 5.6433425986145051316
3.6400000000000000758 -2.7827313284192529824 8.6084577054375512149 5.8257263770182982325
3.650000000000000076 -2.7675899188718032651 8.779922181674972201 6.012332262803168936
3.6600000000000000762 -2.7526185799212006062 8.9559709948544651379 6.2033524149332645317
3.6700000000000000764 -2.737814390153332524 9.1368029681150442409 6.3989885779617117169
3.6800000000000000766 -2.7231744957730274613 9.3226271141177982006 6.5994526183447707393
3.6900000000000000768 -2.7086961086386989554 9.5136632002195865933 6.8049670915808876378
3.700000000000000077 -2.6943765043655874575 9.7101423463774096321 7.0157658420118221746
3.7100000000000000772 -2.6802130204948112421 9.9123076577284269583 7.2320946372336157163
3.7200000000000000774 -2.6662030547255669841 10.120414893908081756 7.4542118391825147718
3.7300000000000000776 -2.6523440632079430111 10.334733177293440291 7.6823891140854972801
3.7400000000000000779 -2.6386335588939243604 10.555545742491125276 7.9169121835972009155
3.7500000000000000781 -2.6250691099442789302 10.783150729529572748 8.1580816195852938178
3.7600000000000000783 -2.6116483381891185667 11.017862023364273971 8.4062136851751554047
3.7700000000000000785 -2.5983689176400281687 11.260010142462704439 8.6616412248226762701
3.7800000000000000787 -2.5852285730517501397 11.509943179403352397 8.9247146063516022574
3.7900000000000000789 -2.5722250785315010344 11.768027796601235075 9.1958027180697340402
3.8000000000000000791 -2.5593562561940823032 12.034650280461164517 9.4752940242670822136
3.8100000000000000793 -2.5466199748610278806 12.310217657460468365 9.763597682599440484
3.8200000000000000795 -2.5340141488021082168 12.595158875875597314 10.061144727073489097
3.8300000000000000797 -2.5215367365175834432 12.889926057092817884 10.368389320575234441
3.8400000000000000799 -2.5091857395596678838 13.194995820682800888 10.685810081123133004
3.8500000000000000801 -2.4969592013917342814 13.510870687673226891 11.01391148628149261
3.8600000000000000804 -2.4848552062838490686 13.838080566723447157 11.353225360439598088
3.8700000000000000806 -2.4728718782432899592 14.177184328191725492 11.704312449948435533
3.8800000000000000808 -2.4610073799787542171 14.528771471389666195 12.067764091410911978
3.890000000000000081 -2.4492599118970203372 14.893463890641192536 12.444203978744172199
3.9000000000000000812 -2.4376277111308776789 15.271917746106032759 12.834290034975155081
3.9100000000000000814 -2.4261090505971879713 15.664825445691322157 13.238716395094134185
3.9200000000000000816 -2.4147022380839896769 16.072917744760941694 13.658215506676952017
3.9300000000000000818 -2.4034056153656010846 16.496965970761968452 14.093560355396367367
3.940000000000000082 -2.3922175573447208133 16.937784380322578748 14.545566822977857935
3.9500000000000000822 -2.381136471220565243 17.396232656837480507 15.015096185616915264
3.9600000000000000824 -2.3701607956821213687 17.873218557047113181 15.503057761364991812
3.9700000000000000826 -2.3592890001256307662 18.369700715637200191 16.010411715511569425
3.9800000000000000829 -2.3485195838954558756 18.886691617437638352 16.538172033542182476
3.9900000000000000831 -2.3378510755475137232 19.425260747386145212 17.087409671838631489
4.0000000000000000833 -4.5840403663255195559 7.2741704040756505662 2.6901300377501310103
4.0100000000000000835 -4.5512252307804556814 7.3818864406010946432 2.8306612098206389618
4.0200000000000000837 -4.5189448774411915599 7.491202303676980494 2.972257426235788934
4.0300000000000000839 -4.4871851839795828522 7.60216218694044151 3.1149770029608586579
4.0400000000000000841 -4.4559325447079732469 7.7148119298229413866 3.2588793851149681397
4.0500000000000000843 -4.4251738465912283829 7.8291990910630701012 3.4040252444718417183
4.0600000000000000845 -4.3948964465993739233 7.9453730259019046206 3.5504765793025306973
4.0700000000000000847 -4.3650881503136998393 8.0633849671594325471 3.6982968168457327078
4.0800000000000000849 -4.3357371917056263703 8.1832881104017567861 3.8475509186961304158
4.0900000000000000851 -4.3068322140135302441 8.3051377034206735603 3.9983054894071433162
4.1000000000000000853 -4.2783622516481507145 8.4289911402597836928 4.1506288886116329784
4.1100000000000000856 -4.2503167130621772168 8.5549080600345993623 4.3045913469724221454
4.1200000000000000858 -4.2226853645242030798 8.6829504508081893308 4.4602650862839862511
4.130000000000000086 -4.1954583147414480968 8.8131827587988114492 4.6177244440573633523
4.1400000000000000862 -4.1686260002795387717 8.9456720032117613391 4.7770460029322225674
4.1500000000000000864 -4.1421791717312175812 9.0804878970043728427 4.9383087252731552616
4.1600000000000000866 -4.1161088805891577743 9.2177029739107945432 5.1015940933216367689
4.1700000000000000868 -4.0904064667811117345 9.3573927220718962385 5.266986255290784504
4.180000000000000087 -4.0650635468284402329 9.4996357246354920508 5.4345721778070518179
4.1900000000000000872 -4.0400720025916764925 9.644513807713069064 5.6044418051213925715
4.2000000000000000874 -4.0154239705691905674 9.7921121961014521798 5.7766882255322616124
4.2100000000000000876 -3.9911118317172522059 9.9425196772013917216 5.9514078454841395158
4.2200000000000000878 -3.9671282017618587651 10.095828773590009173 6.128700571828150408
4.2300000000000000881 -3.9434659219746122103 10.252135924730462098 6.3086700027558498875
4.2400000000000000883 -3.920118050386707913 10.411541678330180618 6.4914236279434727054
4.2500000000000000885 -3.8970778534167489554 10.574150891888679137 6.6770730384719301811
4.2600000000000000887 -3.8743387978896330591 10.74007294500735827 6.8657341471177252107
4.2700000000000000889 -3.851894543425184338 10.909421963066989402 7.0575274196418050645
4.2800000000000000891 -3.8297389351765272701 11.082317052913830381 7.2525781177373031106
4.2900000000000000893 -3.8078659968994333245 11.258882551232675198 7.4510165543332418739
4.3000000000000000895 -3.7862699243350186394 11.439248286324719758 7.6529783619897011185
4.3100000000000000897 -3.7649450788892405159 11.623549854050064447 7.8586047751608239312
4.3200000000000000899 -3.7438859815936371989 11.811928908739115034 8.0680429271454778351
4.3300000000000000901 -3.7230873073326849307 12.004533469924237675 8.281446162591552744
4.3400000000000000903 -3.702543879324013571 12.201518245792932309 8.4989743664689187384
4.3500000000000000906 -3.6822506638385317907 12.403044974316681888 8.7207943104781500978
4.3600000000000000908 -3.6622027651482691876 12.609282783065693638 8.9470800179174244505
4.370000000000000091 -3.6423954206904495205 12.82040856877916493 9.17801314808871541
4.3800000000000000912 -3.6228239964369702046 13.036607397823684003 9.4137834013867137985
4.3900000000000000914 -3.6034839824590815384 13.258072928739130992 9.6545889462800494532
4.4000000000000000916 -3.5843709886776378866 13.485007858142206956 9.9006368694645690693
4.4100000000000000918 -3.5654807407898350146 13.717624391332731303 10.152143650542896288
4.420000000000000092 -3.5468090763638555543 13.95614473902736969 10.409335662663514135
4.4300000000000000922 -3.5283519410933205476 14.200801641729759413 10.672449700636438865
4.4400000000000000924 -3.5101053852038913812 14.451838923335378576 10.941733538131487194
4.4500000000000000926 -3.4920655600047852196 14.709512075664267945 11.217446515659482726
4.4600000000000000928 -3.474228714578360148 14.974088875715188309 11.499860161136828161
4.4700000000000000931 -3.4565911926012954028 15.245850037541329415 11.789258844940034012
4.4800000000000000933 -3.4391494292912388908 15.525089900760648653 12.085940471469409762
4.4900000000000000935 -3.421899948473120197 15.812117157833700707 12.39021720936058051
4.5000000000000000937 -3.404839359759633814 16.107255622368839713 12.702416262609205899
4.5100000000000000939 -3.3879643558406856994 16.410845040849374857 13.022880685008689157
4.5200000000000000941 -3.3712717098768676588 16.723241950320107867 13.351970240443240208
4.5300000000000000943 -3.3547582729922795725 17.044820584722174392 13.69006231172989482
4.5400000000000000945 -3.3384209718622601605 17.375973832725779279 14.037552860863519118
4.5500000000000000947 -3.3222568063918137664 17.717114250080819375 14.394857443689005608
4.5600000000000000949 -3.3062628474807344214 18.068675129686122249 14.762412282205387828
4.5700000000000000951 -3.2904362348716300575 18.431111632769727405 15.140675397898097348
4.5800000000000000953 -3.2747741750772399307 18.804901984775969403 15.530127809698729472
4.5900000000000000955 -3.2592739393836178131 19.190548739770802401 15.931274800387184587
4.6000000000000000958 -3.2439328619259229864 19.588580117405589436 16.344647255479666449
4.610000000000000096 -3.2287483378337211244 19.999551416722270518 16.770803078888549394
4.6200000000000000962 -3.2137178214428483848 20.424046511340273891 17.210328689897425506
4.6300000000000000964 -3.1988388245710349677 20.862679430838649994 17.663840606267615027
4.6400000000000000966 -3.1841089148546195482 21.316096033436648834 18.131987118582029285
4.6500000000000000968 -3.1695257141438138235 21.784975775383349055 18.615450061239535231
4.660000000000000097 -3.1550868969540973662 22.270033582793064577 19.114946685838967211
4.6700000000000000972 -3.1407901889714374619 22.772021832009252399 19.631231643037814937
4.6800000000000000974 -3.1266333656091370052 23.291732444946744638 20.165099079337607633
4.6900000000000000976 -3.1126142506142161996 23.829999106251625829 20.71738485563740963
4.7000000000000000978 -3.0987307147213310844 24.387699609531349951 21.288968894810018866
4.710000000000000098 -3.0849806743523241137 24.9657583403462027 21.880777665993878586
4.7200000000000000983 -3.0713620903595894248 25.565148904118515663 22.493786813758926238
4.7300000000000000985 -3.05787296681151834 26.18689690760977866 23.12902394079826032
4.7400000000000000987 -3.0445113498183693024 26.832082903139725176 23.787571553321355873
4.7500000000000000989 -3.031275326396981085 27.501845505277442023 24.470570178880460938
4.7600000000000000991 -3.0181630233728189769 28.197384690324552022 25.179221666951733045
4.7700000000000000993 -3.0051726063179109379 28.919965289536633244 25.914792683218722306
4.7800000000000000995 -2.9923022785232946314 29.670920687693495936 26.678618409170201305
4.7900000000000000997 -2.9795502800046569779 30.451656739334101869 27.472106459329444892
4.8000000000000000999 -2.9669148865399055991 31.263655915720290283 28.296741029180384684
4.8100000000000001001 -2.9543944087374664025 32.108481696387734905 29.154087287650268503
4.8200000000000001003 -2.941987191134153753 32.987783219985527996 30.045796028851374243
4.8300000000000001005 -2.9296916113215093274 33.903300210000475438 30.973608598678966111
4.8400000000000001008 -2.9175060790995530009 34.856868191911783534 31.939362112812230533
4.850000000000000101 -2.905429035656934081 35.850424019329712877 32.944994983672778796
4.8600000000000001012 -2.8934589527765140279 36.886011727741567297 33.992552774965053269
4.8700000000000001014 -2.8815943320654525763 37.965788735623899342 35.084194403558446765
4.8800000000000001016 -2.8698337042089080236 39.092032413885108104 36.22219870967620008
4.8900000000000001018 -2.8581756282464994641 40.267147045881992269 37.408971417635492805
4.900000000000000102 -2.8466186908707140325 41.493671201611880342 38.647052510741166309
4.9100000000000001022 -2.8351615057464758606 42.774285551123554607 39.939124045377078746
4.9200000000000001024 -2.8238027128511255244 44.111821143720480641 41.288018430869355116
4.9300000000000001026 -2.8125409778340893651 45.509268181154336026 42.696727203320246661
4.9400000000000001028 -2.8013749913955472592 46.969785314731326564 44.168410323335779305
4.950000000000000103 -2.7903034686834352787 48.496709498084473872 45.706406029401038594
4.9600000000000001033 -2.7793251487081462833 50.093566429308527036 47.314241280600380753
4.9700000000000001035 -2.768438793774316883 51.764081618217373409 48.995642824443056526
#4.9800000000000001037 -2.75764318892911347 53.51219211667421376 50.75454892774510029
#4.9900000000000001039 -2.7469371414264531917 55.342058952270199301 52.59512181084374611
5 -4.4288882308498868525 6.4086102082200002897 1.9797219773701134371
5.0100000000000000002 -4.401599699591996536 6.5055838039067909154 2.1039841043147943794
5.0200000000000000004 -4.3747258658712971514 6.6040234595077366456 2.2292975936364394942
5.0300000000000000006 -4.3482560501191716526 6.7039711078794635234 2.3557150577602918708
5.0400000000000000008 -4.3221799606153238633 6.8054702787293461638 2.4832903181140223005
5.050000000000000001 -4.2964876755083799499 6.9085661708274736356 2.6120784953190936858
5.0600000000000000012 -4.271169625841226819 7.0133057278600246026 2.7421361020187977835
5.0700000000000000015 -4.2462165795157664351 7.1197377181210389098 2.8735211386052724747
5.0800000000000000017 -4.2216196261365886571 7.2279128182507297966 3.0062931921141411395
5.0900000000000000019 -4.1973701626774911443 7.3378837012402893892 3.1405135385627982449
5.1000000000000000021 -4.1734598799188392929 7.4497051289356389115 3.2762452490167996185
5.1100000000000000023 -4.1498807496074945864 7.5634340492858053237 3.4135532996783107373
5.1200000000000000025 -4.1266250122944755221 7.6791296985956115364 3.5525046863011360143
5.1300000000000000027 -4.1036851658086779053 7.7968537090571942604 3.6931685432485163551
5.1400000000000000029 -4.0810539543278947202 7.9166702218505610685 3.8356162675226663483
5.1500000000000000031 -4.0587243580110616386 8.0386460061200184479 3.9799216481089568093
5.1600000000000000033 -4.0366895831581321227 8.1628505841509007825 4.1261610009927686598
5.1700000000000000035 -4.0149430528662737536 8.2893563630896649148 4.2744133102233911612
5.1800000000000000037 -3.9934783981531909942 8.4182387735701483681 4.4247603754169573739
5.190000000000000004 -3.9722894495203336751 8.5495764156296873997 4.5772869661093537246
5.2000000000000000042 -3.9513702289305583522 8.6834512123209237403 4.7320809833903653882
5.2100000000000000044 -3.9307149421764834031 8.819948571448570363 4.8892336292720869599
5.2200000000000000046 -3.9103179716173292723 8.9591575558852356015 5.0488395842679063292
5.2300000000000000048 -3.8901738692634726582 9.101171062946704923 5.2109971936832322648
5.240000000000000005 -3.8702773501892767627 9.2460860133349392064 5.3758086631456624436
5.2500000000000000052 -3.8506232862559973121 9.3940035501865614721 5.54338026393056416
5.2600000000000000054 -3.8312067001277134915 9.5450292487958703408 5.7138225486681568493
5.2700000000000000056 -3.8120227595643011501 9.6992733376145438367 5.8872505780502426867
5.2800000000000000058 -3.7930667719764589585 9.8568509311652937251 6.0637841591888347666
5.290000000000000006 -3.7743341792287224355 10.01788227554391744 6.2435480963151950048
5.3000000000000000062 -3.7558205526772612105 10.182493007223598166 6.4266724545463369557
5.3100000000000000065 -3.7375215884300564141 10.350814425917057807 6.6132928374870013932
5.3200000000000000067 -3.7194331028178021459 10.522983782296414688 6.8035506794786125426
5.3300000000000000069 -3.7015510280645716446 10.699144581417488753 6.9975935533529171087
5.3400000000000000071 -3.6838714081479388342 10.87944690274499196 7.1955754945970531254
5.3500000000000000073 -3.6663903948388527878 11.064047737727710436 7.3976573428888576479
5.3600000000000000075 -3.6491042439121295047 11.253111345928608106 7.6040071020164786018
5.3700000000000000077 -3.6320093115189551557 11.446809630773950304 7.814800319254995148
5.3800000000000000079 -3.6151020507132902941 11.645322536048263441 8.0302204853349731473
5.3900000000000000081 -3.5983790081245279258 11.848838464328428688 8.2504594562039007623
5.4000000000000000083 -3.5818368207691920658 12.057554718620682462 8.4757178978514903961
5.4100000000000000085 -3.5654722129948695647 12.271677968539007256 8.7062057555441376908
5.4200000000000000087 -3.5492819935499485229 12.491424742442600426 8.9421427488926519031
5.430000000000000009 -3.5332630527730932909 12.71702194703407959 9.1837588942609862992
5.4400000000000000092 -3.5174123598967205516 12.948707416009111394 9.4312950561123908422
5.4500000000000000094 -3.5017269604590548029 13.18673048944254369 9.6850035289834888874
5.4600000000000000096 -3.4862039738196361363 13.431352625696206532 9.9451486518765703959
5.4700000000000000098 -3.4708405907734298294 13.682848047739671874 10.212007456966242045
5.48000000000000001 -3.4556340712589471583 13.941504425887793851 10.485870354628846692
5.4900000000000000102 -3.4405817421560311055 14.207623599078181924 10.767041856922150819
5.5000000000000000104 -3.4256809951691903225 14.481522336938303095 11.055841341769112773
5.5100000000000000106 -3.4109292847925807835 14.763533145026107303 11.352603860233526519
5.5200000000000000108 -3.3963241263529379058 15.05400511577038972 11.657680989417451814
5.530000000000000011 -3.381863094126953369 15.353304827788041309 11.97144173366108794
5.5400000000000000112 -3.3675438195297711856 15.661817296415421692 12.294273476885650506
5.5500000000000000114 -3.3533639893714474946 15.979946978460875517 12.626582989089428022
5.5600000000000000117 -3.3393213441783787151 16.308118834365498957 12.968797490187120242
5.5700000000000000119 -3.3254136765768537457 16.646779451150277119 13.321365774573423373
5.5800000000000000121 -3.3116388297360283825 16.996398229730325358 13.684759399994296975
5.5900000000000000123 -3.2979946958677546101 17.357468640391888226 14.059473944524133616
5.6000000000000000125 -3.2844792147808243779 17.730509550455733425 14.446030335674909047
5.6100000000000000127 -3.2710903724873073861 18.116066628392425504 14.844976255905118118
5.6200000000000000129 -3.2578261998587756988 18.514713828911525431 15.256887629052749732
5.6300000000000000131 -3.2446847713303150783 18.927054963818940221 15.682370192488625143
5.6400000000000000133 -3.2316642036503241826 19.353725363725400027 16.122061160075075844
5.6500000000000000135 -3.2187626546741985243 19.795393635995385946 16.576630981321187422
5.6600000000000000137 -3.2059783222000866988 20.252763524650850827 17.046785202450764129
5.6700000000000000139 -3.1933094428449921422 20.726575878288914539 17.533266435443922397
5.6800000000000000142 -3.180754290959574885 21.217610732438592617 18.036856441479017732
5.6900000000000000144 -3.1683111775800846657 21.726689513169826055 18.558378335589741389
5.7000000000000000146 -3.155978449415929643 22.254677369179993532 19.098698919764063889
5.7100000000000000148 -3.1437544878714540005 22.802485640020163493 19.658731152148709492
5.720000000000000015 -3.1316377081005632175 23.37107446858713051 20.239436760486567292
5.7300000000000000152 -3.1196265580928978772 23.961455566499422131 20.841829008406524254
5.7400000000000000154 -3.1077195177903157942 24.574695141497704583 21.466975623707388789
5.7500000000000000156 -3.0959150982324981525 25.211916996564211856 22.116001898331713704
5.7600000000000000158 -3.0842118407305484196 25.874305811043941184 22.790093970313392765
5.770000000000000016 -3.0726083160675031978 26.563110614674488838 23.49050229860698564
5.7800000000000000162 -3.0611031237247220484 27.279648466093763021 24.218545342369040972
5.7900000000000000164 -3.0496948911331688112 28.025308348097762458 24.975613456964593647
5.8000000000000000167 -3.0383822729486401743 28.801555292666652852 25.763173019718012677
5.8100000000000000169 -3.0271639503500383524 29.609934749569166753 26.5827707992191284
5.8200000000000000171 -3.0160386303598238243 30.452077213195718136 27.436038582835894311
5.8300000000000000173 -3.0050050451858212624 31.329703123162558566 28.324698077976737304
5.8400000000000000175 -2.9940619515835871742 32.244628055175990631 29.250566103592403457
5.8500000000000000177 -2.9832081302385814565 33.198768219650476827 30.21556008941189537
5.8600000000000000179 -2.9724423851674171268 34.194146286641028593 31.221703901473611466
5.8700000000000000181 -2.9617635431374930379 35.232897556782343395 32.271134013644850357
5.8800000000000000183 -2.9511704531043434739 36.31727649912882707 33.366106046024483596
5.8900000000000000185 -2.9406619856660662448 37.449663678065194391 34.509001692399128146
5.9000000000000000187 -2.930237032534217322 38.632573092811350336 35.702336060277133014
5.9100000000000000189 -2.9198945060205852446 39.868659954482568438 36.948765448461983194
5.9200000000000000192 -2.9096333385392825509 41.160728927191752597 38.251095588652470046
5.9300000000000000194 -2.8994524821236144029 42.511742861300266226 39.612290379176651823
5.9400000000000000196 -2.8893509079572064357 43.924832048643248757 41.035481140686042321
5.9500000000000000198 -2.8793276059188947293 45.403304031380686249 42.52397642546179152
5.96000000000000002 -2.8693815841409007196 46.950653998063315303 44.081272413922414583
5.9700000000000000202 -2.8595118685798328841 48.570575802559680023 45.711063933979847139
5.9800000000000000204 -2.849717502600075203 50.266973643674725217 47.417256141074650014
5.9900000000000000206 -2.8399975465691397504 52.043974445609049532 49.203976899039909782
6.0000000000000000208 -9.6006260800376526553 3.0564708819936523608 -6.5441551980440002945
6.010000000000000021 -9.5240197652970811502 3.0981640977914203391 -6.4258556675056608111
6.0200000000000000212 -9.4487995010407770485 3.1400596123476210506 -6.3087398886931559979
6.0300000000000000214 -9.3749261294600317 3.182159666611116361 -6.192766462848915339
6.0400000000000000216 -9.3023619802905735824 3.224466539386059773 -6.0778954409045138094
6.0500000000000000219 -9.2310708003574828595 3.2669825481931446146 -5.9640882521643382449
6.0600000000000000221 -9.1610176870982669977 3.3097100501555225686 -5.8513076369427444291
6.0700000000000000223 -9.0921690258041522738 3.3526514429102424394 -5.7395175828939098344
6.0800000000000000225 -9.024492430338889968 3.3958091655460930163 -5.6286832647927969517
6.0900000000000000227 -8.9579566871120315097 3.4391856995687693754 -5.5187709875432621343
6.1000000000000000229 -8.8925317020998382161 3.4827835698943190487 -5.4097481322055191673
6.1100000000000000231 -8.8281884507218886208 3.5266053458718632516 -5.3015831048500253692
6.1200000000000000233 -8.7648989303951470282 3.5706536423366288888 -5.1942452880585181395
6.1300000000000000235 -8.7026361155998667381 3.6149311206943694333 -5.0877049949054973048
6.1400000000000000237 -8.6413739153033160355 3.659440490038297093 -4.9819334252650189426
6.1500000000000000239 -8.581087132598021051 3.7041845082996950329 -4.8769026242983260181
6.1600000000000000241 -8.5217514264210952813 3.7491659834334269236 -4.7725854429876683577
6.1700000000000000244 -8.4633432752303418773 3.7943877746396118271 -4.6689555005907300502
6.1800000000000000246 -8.4058399425212360911 3.8398527936227855423 -4.5659871488984505488
6.1900000000000000248 -8.3492194440766799231 3.8855640058899251193 -4.4636554381867548038
6.200000000000000025 -8.2934605168486220652 3.9315244320887714472 -4.361936084759850618
6.2100000000000000252 -8.2385425893773019119 3.9777371493879457535 -4.2608054399893561585
6.2200000000000000254 -8.1844457536600505889 4.0242052929004196681 -4.1602404607596309208
6.2300000000000000256 -8.1311507383873045697 4.070932057151965343 -4.0602186812353392266
6.2400000000000000258 -8.0786388834687949278 4.1179206975962821393 -3.9607181858725127885
6.250000000000000026 -8.0268921157778008015 4.1651745321785697593 -3.8617175835992310422
6.2600000000000000262 -7.9758929260459295425 4.2126969429493945854 -3.7631959830965349571
6.2700000000000000264 -7.9256243468451359529 4.2604913777307765666 -3.6651329691143593863
6.2800000000000000266 -7.8760699315976442893 4.3085613518365084715 -3.5675085797611358179
6.2900000000000000269 -7.8272137345581124802 4.3569104498488078899 -3.4703032847093045903
6.3000000000000000271 -7.7790402917157994359 4.4055423274534952421 -3.3734979642623041938
6.3100000000000000273 -7.731534602567682855 4.4544607133359884584 -3.2770738892316943965
6.3200000000000000275 -7.6846821127164443207 4.5036694111405071715 -3.1810127015759371491
6.3300000000000000277 -7.6384686972500070676 4.5531723014949864563 -3.0852963957550206113
6.3400000000000000279 -7.5928806448618945573 4.6029733441043126371 -2.9899073007575819201
6.3500000000000000281 -7.5479046426740886919 4.6530765799146117266 -2.8948280627594769653
6.3600000000000000283 -7.5035277617263177668 4.703486133351444963 -2.8000416283748728038
6.3700000000000000285 -7.4597374430978077466 4.7542062146348959926 -2.705531228462911754
6.3800000000000000287 -7.4165214846294968479 4.80524112217467081 -2.6112803624548260379
6.3900000000000000289 -7.373868028216552588 4.8565952450484749925 -2.5172727831680775955
6.4000000000000000291 -7.3317655476427514941 4.9082730655670833907 -2.4234924820756681034
6.4100000000000000294 -7.2902028369298929312 4.9602791619296756645 -2.3299236750002172667
6.4200000000000000296 -7.2491689991769277396 5.0126182109731772862 -2.2365507882037504534
6.4300000000000000298 -7.2086534358648966892 5.065294991019520303 -2.1433584448453763862
6.44000000000000003 -7.1686458366050997622 5.1183143848249217111 -2.0503314517801780511
6.4500000000000000302 -7.129136169309161042 5.17168138263547023 -1.957454786673690812
6.4600000000000000304 -7.0901146707608211561 5.2254010853535150851 -1.864713585407306071
6.4700000000000000306 -7.051571837570384992 5.2794787078195636388 -1.7720931297508213532
6.4800000000000000308 -7.0134984174937816068 5.3339195822146189373 -1.6795788352791626695
6.490000000000000031 -6.9758854010991603457 5.3887291615881240462 -1.5871562395110362995
6.5000000000000000312 -6.9387240137648563093 5.4439130235169280772 -1.4948109902479282321
6.5100000000000000314 -6.9020057079934133026 5.4994768739009497247 -1.4025288340924635779
6.5200000000000000316 -6.8657221560271568201 5.5554265509014886478 -1.3102956051256681723
6.5300000000000000318 -6.8298652427515667724 5.6117680290284238913 -1.2180972137231428811
6.5400000000000000321 -6.7944270588734126095 5.6685074233828425366 -1.1259196354905700729
6.5500000000000000323 -6.7593998943612850924 5.7256509940619617441 -1.0337489002993233483
6.5600000000000000325 -6.724776232136791863 5.7832051507335441743 -0.94157108140324768865
6.5700000000000000327 -6.6905487420052806141 5.8411764573873613934 -0.8493722846179192207
6.5800000000000000329 -6.6567102748155163742 5.899571637271633271 -0.75713863754388310319
6.5900000000000000331 -6.6232538568382703126 5.9583975780227646012 -0.66485627881550571137
6.6000000000000000333 -6.5901726843542785435 6.0176613369971143395 -0.57251134735716420398
6.6100000000000000335 -6.5574601184425024971 6.0773701468139691072 -0.4800899716285333899
6.6200000000000000337 -6.5251096799600692716 6.137531421119352217 -0.38757825884071705459
6.6300000000000000339 -6.4931150447056925814 6.198152760580783721 -0.29496228412490886037
6.6400000000000000341 -6.4614700387587739818 6.2592419591236172656 -0.2022280796351567162
6.6500000000000000343 -6.4301686339867613745 6.3208070104201173163 -0.10936162356664405823
6.6600000000000000346 -6.3992049437136986958 6.3828561146430071458 -0.016348829070691549998
6.6700000000000000348 -6.3685732185432383777 6.4453976854958154939 0.076824466952577116186
6.680000000000000035 -6.3382678423297077961 6.5084403575329797485 0.17017251520327195238
6.6900000000000000352 -6.3082833282911235472 6.5719929937833276996 0.26370966549220415236
6.7000000000000000354 -6.2786143152583340247 6.636064693691260325 0.35745037843292630031
6.7100000000000000356 -6.2492555640547423321 6.700664801390696733 0.45140923733595440087
6.7200000000000000358 -6.2202019540013189481 6.7658029143276214997 0.5456009603263025516
6.730000000000000036 -6.1914484795418575665 6.8314888922478964913 0.64004041270603892478
6.7400000000000000362 -6.1629902469836589443 6.8977328665678663025 0.73474261958420735815
6.7500000000000000364 -6.1348224713490471153 6.9645452501462012537 0.82972277879715413847
6.7600000000000000366 -6.1069404733333306443 7.0319367474763872026 0.92499627414305655826
6.7700000000000000368 -6.0793396763650193447 7.0999183653202901427 1.020578688955270798
6.7800000000000000371 -6.0520156037642946379 7.1685014238042987452 1.1164858200400041073
6.7900000000000000373 -6.0249638759959100787 7.2376975680006828959 1.2127336920047728172
6.8000000000000000375 -5.9981802080128680001 7.3075187800180043317 1.3093385720051363316
6.8100000000000000377 -5.9716604066873792623 7.3779773916256803236 1.4063169849383010613
6.8200000000000000379 -5.9454003683257661679 7.4490860974391368531 1.5036857291133706853
6.8300000000000000381 -5.9193960762641141653 7.5208579686933979547 1.6014618924292837894
6.8400000000000000383 -5.8936435985416164251 7.5933064676344471975 1.6996628690928307723
6.8500000000000000385 -5.8681390856486871017 7.6664454625592702118 1.7983063769105831102
6.8600000000000000387 -5.8428787683470444682 7.7402892435371486092 1.8974104751901041409
6.8700000000000000389 -5.817858955559084462 7.8148525388465307185 1.9969935832874462565
6.8800000000000000391 -5.7930760323239788225 7.8901505321636587353 2.0970744998396799128
6.8900000000000000393 -5.7685264578180402533 7.9661988805410909057 2.1976724227230506524
6.9000000000000000396 -5.7442067634370001684 8.0430137332163273778 2.2988069697793272094
6.9100000000000000398 -5.7201135509379428612 8.1206117512929358122 2.400498200354992951
6.92000000000000004 -5.69624349063873362 8.1990101283388846273 2.5027666377001510073
6.9300000000000000402 -5.6725933196728676368 8.2782266119492351355 2.6056332922763674987
6.9400000000000000404 -5.649159840297751743 8.3582795263229265076 2.7091196860251747646
6.9500000000000000406 -5.6259399182545122734 8.4391877959061176631 2.8132478776516053897
6.9600000000000000408 -5.6029304811774999021 8.5209709701574364763 2.9180404889799365742
6.970000000000000041 -5.5801285170517362992 8.6036492494935382825 3.0235207324418019833
6.9800000000000000412 -5.5575310727166181119 8.687243512476602308 3.1297124397599841961
6.9900000000000000414 -5.5351352524142612346 8.7717753443088066165 3.2366400918945453819
7.0000000000000000416 -12.283213218954007931 8.8572670667024304102 -3.4259461522515775203
7.0100000000000000418 -12.194179756285104546 8.9437417691980486127 -3.2504379870870559333
7.020000000000000042 -12.106653922202065868 9.0312233420073198793 -3.0754305801947459884
7.0300000000000000423 -12.020594754513408595 9.1197365104611385358 -2.9008582440522700594
7.0400000000000000425 -11.935962814188207403 9.2093068711484372435 -2.7266559430397701594
7.0500000000000000427 -11.852720114027511379 9.2999609298357050452 -2.5527591841918063338
7.0600000000000000429 -11.77083005133946385 9.3917261412623403771 -2.3791039100771234726
7.0700000000000000431 -11.690257344357314366 9.4846309509123070775 -2.2056263934450072887
7.0800000000000000433 -11.610967972158788958 9.5787048388682208103 -2.0322631332905681478
7.0900000000000000435 -11.532929117862972162 9.6739783658599821435 -1.8589507520029900182
7.1000000000000000437 -11.456109114897096265 9.7704832216264103722 -1.6856258932706858928
7.1100000000000000439 -11.380477396140559823 9.8682522757150398384 -1.512225120425519985
7.1200000000000000441 -11.306004445767226147 9.9673196308523400166 -1.3386848149148861306
7.1300000000000000443 -11.232661753619689103 10.067720679024135375 -1.1649410745955537281
7.1400000000000000445 -11.160421771960833913 10.169492160413955766 -0.99092961154687814723
7.1500000000000000448 -11.08925787445875127 10.272672225355469153 -0.81658564910328211723
7.160000000000000045 -11.019144317270962361 10.377300499464063686 -0.64184381780689867529
7.1700000000000000452 -10.950056202103051324 10.483418152122085101 -0.46663804998096622361
7.1800000000000000454 -10.881969441125244625 10.591067968502229467 -0.29090147262301515741
7.1900000000000000456 -10.814860723638282277 10.70029442532417373 -0.11456629831410854726
7.2000000000000000458 -10.748707484387146818 10.811143770550732522 0.062436286163585704315
7.210000000000000046 -10.683487873427900749 10.923664107241696876 0.24017623381379612663
7.2200000000000000462 -10.619180727459075676 11.037905481796078287 0.41872475433700261031
7.2300000000000000464 -10.555765542534796605 11.153919976826792365 0.59815443429199575917
7.2400000000000000466 -10.493222448082149229 11.271761808925914553 0.77853936084376532324
7.2500000000000000468 -10.431532182150239784 11.3914874315935736 0.95995524944333381618
7.260000000000000047 -10.370676067822986516 11.513155643619366861 1.142479575796380345
7.2700000000000000473 -10.310635990731946709 11.636827703221938417 1.3261917124899917081
7.2800000000000000475 -10.251394377609448821 11.762567448270113022 1.5111730706606642009
7.2900000000000000477 -10.192934175825988885 11.890441422927786058 1.6975072471017971728
7.3000000000000000479 -10.135238833859284993 12.020519011084695668 1.8852801772254106747
7.3100000000000000481 -10.078292282645582953 12.152872576956315634 2.0745802943107326811
7.3200000000000000483 -10.022078917766787843 12.287577613258478087 2.2654986954916902435
7.3300000000000000485 -9.9665835824297765513 12.424712897386039829 2.4581293149562632772
7.3400000000000000487 -9.9117915511968404515 12.564360656050025674 2.6525691048531852229
7.3500000000000000489 -9.8576885144286289561 12.7066067388543024 2.8489182244256734442
7.3600000000000000491 -9.8042605634032264109 12.851540801321048558 3.0472802379178221468
7.3700000000000000493 -9.7514941760771083609 12.99925649790418501 3.2477623218270766493
7.3800000000000000495 -9.6993762034556993003 13.149851685561620922 3.4504754821059216213
7.3900000000000000498 -9.6478938565431025152 13.303428638490758712 3.655534781947656197
7.40000000000000005 -9.597034693842302641 13.460094274667304468 3.863059580825001827
7.4100000000000000502 -9.5467866093787614529 13.619960394865169759 4.0731737854864083062
7.4200000000000000504 -9.497137821221844958 13.783143934875256646 4.2860061136534116878
7.4300000000000000506 -9.448076860479942181 13.949767231683327592 4.5016903712033854107
7.4400000000000000508 -9.399592560746469749 14.11995830441212231 4.7203657436656525613
7.450000000000000051 -9.3516740479752075758 14.293851150880549442 4.942177102905341866
7.4600000000000000512 -9.304310730764585272 14.471586060683317127 5.1672753299187318553
7.4700000000000000514 -9.2574922910316415695 14.65330994574794784 5.3958176547163062704
7.4800000000000000516 -9.211208675057414897 14.839176689382934844 5.6279680143255199469
7.4900000000000000518 -9.1654500848864967393 15.029347514891037338 5.8638974300045405984
7.500000000000000052 -9.1202069700643947075 15.223991374885587767 6.1037844048211930594
7.5100000000000000522 -9.0754700196972131962 15.423285362515419918 6.3478153428182067213
7.5200000000000000525 -9.0312301548189696546 15.627415145875855743 6.5961849910568860888
7.5300000000000000527 -8.98747852105262719 15.836575426959362544 6.8490969059067353539
7.5400000000000000529 -8.9442064815516425024 16.050970426580275483 7.1067639450286329805
7.5500000000000000531 -8.9014056102095048976 16.27081439679365533 7.3694087865841504326
7.5600000000000000533 -8.8590676851253799868 16.496332162419216799 7.6372644772938368124
7.5700000000000000535 -8.8171846823145731289 16.727759693377636498 7.9105750110630633692
7.5800000000000000537 -8.7757487696530950052 16.965344709648768373 8.1895959399956733677
7.5900000000000000539 -8.734752301046147075 17.209347320769716467 8.4745950197235693924
7.6000000000000000541 -8.6941878108108500382 17.460040701905719742 8.7658528910948697037
7.6100000000000000543 -8.6540480082640156834 17.717711808648794908 9.0636638003847792246
7.6200000000000000545 -8.6143257725062133624 17.982662132828488937 9.3683363603222755742
7.6300000000000000547 -8.5750141473938084108 18.255208501756367655 9.6801943543625592441
7.640000000000000055 -8.5361063366910526478 18.535683923471493319 9.999577586780440671
7.6500000000000000552 -8.4975956993946880307 18.824438480708634626 10.326842781313946595
7.6600000000000000554 -8.4594757452238849336 19.121840276474851363 10.662364531250966429
7.6700000000000000556 -8.4217401302686775857 19.428276434293980375 11.00653630402530279
7.6800000000000000558 -8.3843826527903820954 19.744154156363033107 11.359771503572651012
7.690000000000000056 -8.3473972491677882664 20.069901843060248732 11.722504593892460466
7.7000000000000000562 -8.3107779899832060924 20.405970277452222276 12.095192287469016184
7.7100000000000000564 -8.2745190762427223322 20.752833878667878259 12.478314802425155927
7.7200000000000000566 -8.2386148357252827936 21.110992028240866697 12.872377192515583904
7.7300000000000000568 -8.2030597194554627213 21.480970473770047508 13.277910754314584786
7.740000000000000057 -8.167848298295021757 21.8633228145109803 13.695474516215958543
7.7500000000000000572 -8.1329752596485620447 22.2586320737906824 14.125656814142120355
7.7600000000000000575 -8.0984354042788188646 22.667512363434349651 14.569076959155530787
7.7700000000000000577 -8.0642236432273133392 23.090610645707304392 15.026387002479991052
7.7800000000000000579 -8.0303349948362868476 23.528608598609260217 15.498273603772973369
7.7900000000000000581 -7.9967645818680173839 23.982224590712260409 15.985460008844243025
7.8000000000000000583 -7.9635076287177897177 24.452215772109616049 16.488708143391826332
7.8100000000000000585 -7.9305594587169543565 24.939380288442178923 17.008820829725224566
7.8200000000000000587 -7.897915491522665437 25.444559625391754221 17.546644133869088784
7.8300000000000000589 -7.8655712405910352187 25.968641091480897567 18.103069850889862348
7.8400000000000000591 -7.8335223107305832295 26.512560447495352449 18.67903813676476922
7.8500000000000000593 -7.8017643957329917067 27.07730469135166941 19.275540295618677703
7.8600000000000000595 -7.7702932760783061488 27.663915007769914343 19.893621731691608194
7.8700000000000000597 -7.7391048167118408871 28.273489892681739281 20.534385075969898394
7.88000000000000006 -7.7081949648901649237 28.907188462909493122 21.198993498019328198
7.8900000000000000602 -7.6775597480936531645 29.56623396229465647 21.888674214201003305
7.9000000000000000604 -7.6471952720031928921 30.251917476135992916 22.604722204132800024
7.9100000000000000606 -7.6170977185387351403 30.965601866521860002 23.348504147983124862
7.9200000000000000608 -7.5872633439574758017 31.708725941909709738 24.121462597952233936
7.930000000000000061 -7.5576884770095420714 32.482808875121684569 24.925120398112142497
7.9400000000000000612 -7.5283695171491464126 33.289454884791304843 25.761085367642158431
7.9500000000000000614 -7.4993029327992528537 34.130358196215654297 26.631055263416401444
7.9600000000000000616 -7.4704852596678792857 35.007308298543499931 27.536823038875620645
7.9700000000000000618 -7.4419130991142347069 35.922195516265935837 28.48028241715170113
7.980000000000000062 -7.4135831165629622549 36.877016914076138564 29.463433797513176309
7.9900000000000000622 -7.3854920399648275229 37.873882555332617125 30.488390515367789603
8.0000000000000000625 -7.3576366583022572617 13.490287085662103312 6.1326504273598460502
8.0100000000000000627 -7.3300138201381962472 13.623131169025887061 6.2931173488876908134
8.0200000000000000629 -7.3026204322068100123 13.757969518078803618 6.4553490858719936059
8.0300000000000000631 -7.2754534580446184227 13.89485715053048361 6.6194036924858651872
8.0400000000000000633 -7.2485099166606998498 14.033851134148531772 6.7853412174878319222
8.0500000000000000635 -7.2217868812446580877 14.175010678414838908 6.9532237971701808201
8.0600000000000000637 -7.1952814779110942808 14.318397230776727331 7.1231157528656330506
8.0700000000000000639 -7.1689908844793740945 14.464074577740721763 7.2950836932613476685
8.0800000000000000641 -7.1429123292875262639 14.612108951070748073 7.4691966217832218089
8.0900000000000000643 -7.117043090039152603 14.76256913936738998 7.6455260493282373769
8.1000000000000000645 -7.0913804926822716382 14.915526605320527502 7.8241461126382558634
8.1100000000000000647 -7.0659219103190583307 15.071055608944292236 8.005133698625233905
8.1200000000000000649 -7.0406647621454809593 15.229233337120858199 8.1885685749753772394
8.1300000000000000652 -7.015606512419873227 15.390140039798201004 8.374533527378327777
8.1400000000000000654 -6.9907446694595151046 15.553859173206664222 8.5631145037471491179
8.1500000000000000656 -6.9660767846643299041 15.720477550480035134 8.7544007658157052295
8.1600000000000000658 -6.9416004515668376554 15.890085500088922018 8.948485048522084363
8.170000000000000066 -6.9173133049075360968 16.062777032517615132 9.1454637276100790349
8.1800000000000000662 -6.8932130197349105564 16.238650015640381448 9.345436995905470892
8.1900000000000000664 -6.8692973105293027453 16.41780635927937186 9.5485090487500691148
8.2000000000000000666 -6.8455639303498960627 16.600352209454096379 9.7547882791042003168
8.2100000000000000668 -6.8220106700041014826 16.786398152861841096 9.9643874828577396133
8.220000000000000067 -6.7986353572386535002 16.976059432159558768 10.177424074920905268
8.2300000000000000672 -6.7754358559517500051 17.169456172650767701 10.394020316699017696
8.2400000000000000674 -6.752410065425593374 17.366713621015951945 10.614303555590358571
8.2500000000000000677 -6.7295559195787125683 17.567962396761987697 10.838406477183275129
8.2600000000000000679 -6.7068713862374676344 17.773338757105350959 11.066467370867883325
8.2700000000000000681 -6.6843544664261587637 17.982984876045422688 11.298630409619263925
8.2800000000000000683 -6.662003193675182021 18.197049138428240426 11.535045944753058405
8.2900000000000000685 -6.6398156333466930283 18.415686449847698981 11.775870816501005953
8.3000000000000000687 -6.6177898819772583209 18.639058563280635532 12.021268681303377211
8.3100000000000000689 -6.5959240666369918195 18.867334423404614425 12.271410356767622605
8.3200000000000000691 -6.5742163443046909057 19.100690529602732349 12.526474185298041444
8.3300000000000000693 -6.5526649012585029792 19.339311318718584509 12.78664641746008153
8.3400000000000000695 -6.5312679524816691472 19.583389568686867665 13.052121616205198518
8.3500000000000000697 -6.51002374108290687 19.833126824231159432 13.323103083148252562
8.3600000000000000699 -6.4889305377310079851 20.088733845890431045 13.59980330815942306
8.3700000000000000702 -6.4679866401032425887 20.350431083710062681 13.882444443606820092
8.3800000000000000704 -6.4471903723471727796 20.618449177011791012 14.171258804664618232
8.3900000000000000706 -6.4265400845554932972 20.893029481740397927 14.46648939718490463
8.4000000000000000708 -6.4060341522535286256 21.174424626973334019 14.768390474719805393
8.410000000000000071 -6.3856709758990282181 21.462899102273164696 15.077228126374136478
8.4200000000000000712 -6.3654489803939131319 21.75872987766205348 15.393280897268140348
8.4300000000000000714 -6.3453666146076385707 22.062207058102798853 15.716840443495160282
8.4400000000000000716 -6.3254223509118476405 22.373634574482581616 16.048212223570733975
8.4500000000000000718 -6.3056146847260020298 22.693330913213945112 16.387716228487943082
8.460000000000000072 -6.2859421340736853612 23.021629886693030478 16.735687752619345117
8.4700000000000000722 -6.2664032391492846368 23.358881446988158254 17.092478207838873617
8.4800000000000000724 -6.2469965618947645246 23.705452545272947696 17.458455983378183171
8.4900000000000000727 -6.2277206855862582283 24.061728039667785901 17.834007354081527673
8.5000000000000000729 -6.2085742144302073588 24.428111654312120454 18.219537439881913095
8.5100000000000000731 -6.1895557731687915916 24.80502699265830367 18.615471219489512078
8.5200000000000000733 -6.1706640066943969701 25.192918608156149631 19.022254601461752661
8.5300000000000000735 -6.1518975796728795016 25.592253135686599052 19.44035555601371955
8.5400000000000000737 -6.1332551761753882132 26.003520487303581845 19.870265311128193632
8.5500000000000000739 -6.1147354993185190888 26.42723511605602401 20.312499616737504921
8.5600000000000000741 -6.096337270912578313 26.86393735188770816 20.767600080975129847
8.5700000000000000743 -6.0780592311177400113 27.314194813852155602 21.236135582734415591
8.5800000000000000745 -6.0599001381078902046 27.778603903133690831 21.718703765025800626
8.5900000000000000747 -6.0418587677419550017 28.257791381635266972 22.215932613893311971
8.6000000000000000749 -6.0239339132425171467 28.752416041179418069 22.728482127936900922
8.6100000000000000751 -6.0061243848815309203 29.263170468671864613 23.257046083790333692
8.6200000000000000754 -5.9884290096729510776 29.790782912898897627 23.802353903225946549
8.6300000000000000756 -5.9708466310720970022 30.33601925897083483 24.365172627898737828
8.6400000000000000758 -5.9533761086815785602 30.899685116785780775 24.946309008104202214
8.650000000000000076 -5.936016317963615271 31.482628030271906163 25.546611712308290892
8.6600000000000000762 -5.9187661499585853719 32.085739814573843414 26.166973664615258042
8.6700000000000000764 -5.9016245110096461476 32.709959028781013101 26.808334517771366953
8.6800000000000000766 -5.8845903224932715316 33.356273592254275033 27.471683269761003501
8.6900000000000000768 -5.8676625205555574732 34.025723553093858694 28.15806103253830122
8.700000000000000077 -5.8508400558541498965 34.719404017807790775 28.868563961953640878
8.7100000000000000772 -5.8341218933056542753 35.438468251787829247 29.604346358482174971
8.7200000000000000774 -5.8175070118383899054 36.18413096078117339 30.366623948942783484
8.7300000000000000776 -5.8009944041503558804 36.957671764163006876 31.156677360012650996
8.7400000000000000779 -5.7845830764722795793 37.760438871469433234 31.975855794997153654
8.7500000000000000781 -5.7682720483356221498 38.593852974344901936 32.825580926009279786
8.7600000000000000783 -5.7520603523454190286 39.45941136679526477 33.707351014449845741
8.7700000000000000785 -5.7359470339578369893 40.358692307419764375 34.622745273461927385
8.7800000000000000787 -5.7199311512623325396 41.293359638125320484 35.573428486862987944
8.7900000000000000789 -5.7040117747682997225 42.265167674707396932 36.56115589993909721
8.8000000000000000791 -5.6881879871960985008 43.275966385616639476 37.587778398420540975
8.8100000000000000793 -5.6724588832723579369 44.327706876222700426 38.655247992950342489
8.8200000000000000795 -5.6568235695294513083 45.422447196939747032 39.765623627410295724
8.8300000000000000797 -5.6412811641090431479 46.562358494695841351 40.921077330586798203
8.8400000000000000799 -5.6258307965696109456 47.749731528414667699 42.123900731845056753
8.8500000000000000801 -5.6104716076978469204 48.986983570437204564 43.376511962739357644
8.8600000000000000804 -5.5952027493238478542 50.276665717147388346 44.681462967823540492
8.8700000000000000806 -5.5800233841400034869 51.621470633484372727 46.04144724934436924
8.8800000000000000808 -5.5649326855234963995 53.024240757529722254 47.459308072006225855
8.890000000000000081 -5.5499298373623286672 54.487976992956178789 48.938047155593850122
#8.9000000000000000812 -5.5350140338847928466 56.015847918821226093 50.480833884936433247
#8.9100000000000000814 -5.5201844794923070748 57.611199547989627059 52.091015068497319984
#8.9200000000000000816 -5.5054403885955362043 59.27756566738087321 53.772125278785337005
#8.9300000000000000818 -5.4907809854537229786 61.018678795266920809 55.52789780981319783
#8.940000000000000082 -5.4762055040171552728 62.838481792999971361 57.362276288982816089
#8.9500000000000000822 -5.4617131877726973819 64.741140170837117625 59.279426983064420243
#8.9600000000000000824 -5.4473032895923152389 66.731055129956630558 61.283751840364315319
#8.9700000000000000826 -5.4329750715845272875 68.812877385338229049 63.379902313753701761
#8.9800000000000000829 -5.4187278049487145252 70.991521816916115579 65.572794011967401054
#8.9900000000000000831 -5.4045607698322249657 73.27218299931871536 67.867622229486490395
9.0000000000000000833 -8.7756107564767468946 12.098514038748296686 3.3229032822715497913
9.0100000000000000835 -8.7280858470506397299 12.212680035006794834 3.4845941879561551044
9.0200000000000000837 -8.6812962425301346513 12.32847802292060186 3.6471817803904672087
9.0300000000000000839 -8.6352221162953787822 12.445952472100315066 3.810730355804936284
9.0400000000000000841 -8.5898443861991518408 12.565149501277420943 3.9753051150782691023
9.0500000000000000843 -8.5451446793823550959 12.686116951868746988 4.1409722724863918926
9.0600000000000000845 -8.5011052990762509025 12.808904465224462879 4.3077991661482119768
9.0700000000000000847 -8.4577091932615819813 12.933563563758151522 4.4758543704965695406
9.0800000000000000849 -8.4149399250643171055 13.060147736168690966 4.6452078111043738609
9.0900000000000000851 -8.3727816447765933231 13.188712526975563017 4.815930882198969694
9.1000000000000000853 -8.3312190633995264581 13.319315630601772596 4.9880965672022461377
9.1100000000000000856 -8.2902374276120064259 13.452016990251864832 5.1617795626398584065
9.1200000000000000858 -8.2498224960764405134 13.586878901846608323 5.3370564057701678097
9.130000000000000086 -8.2099605169987091428 13.723966123290819476 5.5140056062921103327
9.1400000000000000862 -8.170638206865402592 13.863345989366583665 5.692707782501181073
9.1500000000000000864 -8.1318427302867569269 14.005088532560836335 5.8732458022740794082
9.1600000000000000866 -8.0935616808786421744 14.149266610153956642 6.0557049292753144679
9.1700000000000000868 -8.0557830631215109874 14.295956037914756587 6.2401729747932455994
9.180000000000000087 -8.018495275138423895 14.445235730767082171 6.4267404556286582756
9.1900000000000000872 -7.9816870923381568828 14.597187850814246151 6.6155007584760892679
9.2000000000000000874 -7.9453476518729950183 14.751897963129754598 6.8065503112567595797
9.2100000000000000876 -7.9094664378641462357 14.909455199746346181 6.9999887618821999449
9.2200000000000000878 -7.8740332673507941529 15.069952432300312852 7.1959191649495186989
9.2300000000000000881 -7.8390382769216678733 15.233486453814497201 7.3944481768928293274
9.2400000000000000883 -7.8044719099906583374 15.40015817013135402 7.5956862601406956829
9.2500000000000000885 -7.7703249046804715183 15.570072801537115933 7.7997478968566444143
9.2600000000000000887 -7.736588282280593756 15.743340095149515225 8.0067518128689214691
9.2700000000000000889 -7.7032533362479676343 15.920074548674792525 8.2168212124268248912
9.2800000000000000891 -7.6703116217207506627 16.10039564617498016 8.4300840244542294976
9.2900000000000000893 -7.637754945517365206 16.284428106523803477 8.6466731610064382709
9.3000000000000000895 -7.6055753565947572008 16.47230214526912381 8.8667267886743666087
9.3100000000000000897 -7.5737651369413728974 16.664153750661786612 9.090388613720413715
9.3200000000000000899 -7.5423167928818460769 16.860124974655180286 9.3178081817733342095
9.3300000000000000901 -7.5112230467717710624 17.060364239726906789 9.5491411929551357265
9.3400000000000000903 -7.4804768290622268563 17.265026662423874913 9.7845498333616480564
9.3500000000000000906 -7.4500712707149217811 17.474274394585021651 10.02420312387009987
9.3600000000000000908 -7.4199996959499523859 17.688276983251927234 10.268277287301974848
9.370000000000000091 -7.3902556153092209282 17.907211750337007237 10.516956135027786308
9.3800000000000000912 -7.3608327190195377979 18.131264193181944332 10.770431474162406534
9.3900000000000000914 -7.33172487064035374 18.36062840720577904 11.0289035365654253
9.4000000000000000916 -7.3029261009819262043 18.595507531912842651 11.292581430930916446
9.4100000000000000918 -7.2744306022805287751 18.836114221605729856 11.561683619325201081
9.420000000000000092 -7.2462327226180662914 19.082671142228032067 11.836438419609965776
9.4300000000000000922 -7.2183269605741645007 19.335411495845859037 12.117084535271694536
9.4400000000000000924 -7.1907079600994652126 19.594579574366557581 12.403871614267092368
9.4500000000000000926 -7.1633705055994789539 19.860431344187800669 12.697060838588321716
9.4600000000000000928 -7.1363095172189299008 20.133235063570696057 12.996925546351766156
9.4700000000000000931 -7.1095200463170749744 20.413271934637098897 13.303751888320023923
9.4800000000000000933 -7.0829972711249928416 20.700836792004277 13.617839520879284159
9.4900000000000000935 -7.0567364925763213962 20.996238830189862614 13.939502337613541218
9.5000000000000000937 -7.0307331303033761758 21.299802372047047184 14.269069241743671009
9.5100000000000000939 -7.0049827187910090088 21.611867680624677292 14.606884961833668283
9.5200000000000000941 -6.9794809036809677702 21.932791816989759895 14.953310913308792125
9.5300000000000000943 -6.9542234382198960953 22.26294954670138104 15.308726108481484945
9.5400000000000000945 -6.9292061798444678005 22.602734297785712853 15.673528117941245052
9.5500000000000000947 -6.9044250868974860014 22.952559173232189885 16.048134086334703884
9.5600000000000000949 -6.8798762154690928397 23.312858021211673484 16.432981805742580644
9.5700000000000000951 -6.8555557163575335421 23.684086566409123883 16.828530850051590341
9.5800000000000000953 -6.8314598321441994071 24.066723606066635592 17.235263773922436185
9.5900000000000000955 -6.807584894377939288 24.461272274548374823 17.653687380170435535
9.6000000000000000958 -6.783927320863879229 24.868261380467744746 18.084334059603865517
9.610000000000000096 -6.760483613052226024 25.288246820659798434 18.52776320760757241
9.6200000000000000962 -6.7372503535227534765 25.721813075539373126 18.98456272201661965
9.6300000000000000964 -6.714224203560880842 26.169574790658538185 19.455350587097657343
9.6400000000000000966 -6.6914019008214520865 26.63217844956669403 19.940776548745241943
9.6500000000000000968 -6.6687802570765128895 27.110304143384050795 20.441523886307537905
9.660000000000000097 -6.6463561560435604174 27.604667442825337007 20.958311286781776589
9.6700000000000000972 -6.6241265512909094027 28.116021378756590514 21.491894827465681112
9.6800000000000000974 -6.6020884642169775495 28.645158537734987678 22.043070073518010129
9.6900000000000000976 -6.5802389821004442913 29.192913279371169262 22.612674297270724971
9.7000000000000000978 -6.5585752562183799426 29.760164082766799584 23.201588826548419641
9.710000000000000098 -6.5370945000295777834 30.347836029718611381 23.810741529689033598
9.7200000000000000983 -6.515793987420450029 30.956903432845494972 24.441109445425044943
9.7300000000000000985 -6.4946710510109703797 31.5883926172889352 25.09372156627796482
9.7400000000000000987 -6.4737230805182612925 32.243384865161033641 25.769661784642772349
9.7500000000000000989 -6.4529475211755336424 32.92301953247033551 26.470072011294801868
9.7600000000000000991 -6.4323418722041903597 33.628497348845684117 27.196155476641493757
9.7700000000000000993 -6.4119036853370042829 34.36108391100444666 27.949180225667442377
9.7800000000000000995 -6.3916305633903741302 35.122113381575919005 28.730482818185544875
9.7900000000000000997 -6.3715201588837514536 35.912992405595887328 29.541472246712135875
9.8000000000000000999 -6.3515701727044159638 36.735204257736710791 30.383634085032294827
9.8100000000000001001 -6.3317783528158569299 37.590313234131556855 31.258534881315699925
9.8200000000000001003 -6.3121424930080947209 38.479969303494399728 32.167826810486305007
9.8300000000000001005 -6.2926604316883491561 39.405913033132088234 33.113252601443739078
9.8400000000000001008 -6.2733300507105303947 40.369980806394394084 34.096650755683863689
9.850000000000000101 -6.254149274242093797 41.37411034911585458 35.119961074873760783
9.8600000000000001012 -6.2351160676668627213 42.420346583673025149 36.185230516006162427
9.8700000000000001014 -6.2162284365224827443 43.510847830416279628 37.294619393893796884
9.8800000000000001016 -6.1974844254712274748 44.647892377440600029 38.450407951969372554
9.8900000000000001018 -6.1788821173029301123 45.833885440939194392 39.65500332363626428
9.900000000000000102 -6.1604196319688663382 47.071366539741850732 40.910946907772984393
9.9100000000000001022 -6.1420951256454631358 48.363017309081540291 42.220922183436077155
9.9200000000000001024 -6.123906789826754858 49.711669780163089787 43.587762990336334928
9.9300000000000001026 -6.1058528504445524036 51.120315153732235732 45.014462303287683328
9.9400000000000001028 -6.0879315670153338443 52.592113097567880682 46.504181530552546838
9.950000000000000103 -6.070141231812905371 54.130401599651079482 48.060260367838174111
9.9600000000000001033 -6.0524801690659200921 55.738707410707765507 49.686227241641845415
#9.9700000000000001035 -6.0349467341793791226 57.420757111885463083 51.38581037770608396
#9.9800000000000001037 -6.0175393129792746307 59.180488845514636677 53.162949532535362046
#9.9900000000000001039 -6.0002563209795681495 61.022064749230774751 55.021808428251206602
